99
2525 1
2400 5
300 2
120 60
60 90
114213475 1
336656 995
815264692 1
722665223 4522
195513660 1
188461398 41
309719099 1
105394934 8860
452245793 1
169959452 2403
768264833 1
409002073 1399
915045227 1
379553086 8561
944740780 1
84881549 3031
293567434 1
48930549 3155
488494350 1
419800953 2727
932560394 1
69728279 7462
422589016 1
365326226 556
554709587 1
185114968 2603
366653938 1
187243012 5293
1000000000 2
999999999 2
999999998 3
1000000000 2
999000000 10000
998000000 10000
850623354 1
418760568 6147
313841369 1
151336925 8789
603840941 1
347138358 4053
853819791 1
178008003 5099
298278979 1
12950520 8276
579324961 1
275579169 2305
985224653 1
616556179 3292
615354318 1
443296707 7397
159287609 1
116742630 1455
581212039 1
499681405 9476
295317575 1
208128671 9241
672704758 1
133689276 9896
2 1
1 1
815385504 1
23005190 5017
957362337 1
601923965 6542
715112132 1
201489612 1252
985808373 1
142870525 9052
1000000000 1
999999999 10000
786754727 1
30474194 2453
123917390 1
87602448 3152
1000000000 2
1 3
2 2
1000000000 2
100 10000
200 10000
224417768 1
198963808 3726
654091636 1
325964613 5088
972050243 1
855433308 4105
1000000000 2
999999998 2
999999997 3
690654243 1
33127389 8492
961731377 2
736901414 6645
396644171 4074
686151968 1
363198135 8445
256678730 1
23965557 8314
1000000000 2
999999997 2
999999996 3
581483698 1
280362432 1266
821494239 1
78347645 4311
542135288 1
266195493 487
52615617 2
14245597 4190
13286759 2624
943773219 1
453771867 7778
917709180 1
50050283 1272
200000 2
5000 5
5001 1
1000000000 2
998000000 1
999000000 1
268787166 1
195550024 8818
74556206 1
48040756 8147
155403488 1
42179907 5246
309422167 1
132581415 64
148490254 1
16314200 9270
13236114 1
4844105 7651
640122030 1
93532923 256
317955060 1
282283557 8729
520286571 1
115484351 2971
572084256 1
390837195 776
618585410 1
378616854 4154
1000000000 1
1 10000
282331779 1
209087530 832
378200199 1
26874920 489
999523905 1
179926801 4961
333496038 1
43439402 8435
895780696 1
532613472 2646
590464337 1
55120733 9383
356008028 1
16434051 8479
1000000000 1
1 1
975474617 1
296816073 4999
785514085 1
751283356 3885
186814005 1
62978971 9000
3824042 1
1966734 3320
495511688 1
63114820 4945
417646124 1
316261060 9431
609490934 1
234124556 2038
398424879 1
17375638 2489
554864614 1
319889011 5964
649842785 1
198203178 9769
1000000000 2
12345676 2
12345675 3
202282975 1
5984876 9679
763243513 1
711962637 4775
1000000000 1
999999999 1
792209930 1
18909895 7689
174802199 1
113758325 6069
2 1
1 10000
578575033 1
63619722 224
768423460 1
352447190 3220
108619136 1
31975103 6065
557890584 1
5907689 6591
508093796 1
100324883 145
