100
2 1
100 20
200 10
2 2
100 20
200 10
3 2
100 10
100 10
100 10
4 2
9 3
7 1
10 1
8 4
2 1
108035 605461
118437 552285
9 5
540966 381803
413125 188913
355465 688668
459300 462465
975281 246146
972123 984714
519276 566432
574403 316740
687178 177897
9 4
23853 2943
29766 2463
27222 2296
269220 23
20745 2597
20530 2033
231966 58
24989 2806
28274 2483
9 5
174830 808480
440345 736394
32287 168058
143756 164501
371190 80787
234887 974592
14188 923823
393156 581610
79331 730242
7 4
523350 587979
548277 916482
198540 261722
412058 923927
109844 838206
718765 258591
364675 46135
9 3
161293 198857
238621 134415
635574 50465
60426 530802
202342 158515
70288 456326
481003 66682
135271 237111
746555 42963
8 6
23052 2620
214098 56
23502 2505
23437 2091
223207 27
21571 2227
23526 2994
24715 2111
8 5
257796 42398
357588 30566
122264 89397
475881 22968
48807 223944
335916 32538
40194 271932
26488 412641
9 4
80885 441419
476136 282585
139376 701959
413163 994235
844731 358192
378429 405633
503522 380226
850562 490970
615592 827474
3 1
874657 58771
281866 182372
684298 75120
9 3
315990 62255
838951 730272
981123 565562
871707 483492
694991 642759
673064 289518
111465 765618
446842 10391
691953 906466
6 4
23229 2345
25713 2510
215162 7
26536 2015
203698 8
25946 2560
8 2
161896 130373
242577 87011
21894 964048
22897 921818
651346 32405
552290 38217
727146 29027
277956 75936
3 2
775687 568461
107966 851678
3630 178739
2 1
293482 14
29177 2796
6 2
21674 2382
28938 2895
256574 74
230132 69
24998 2476
23148 2123
9 5
3998 316599
3739 375723
3076 392356
19983 91
3532 330137
15688 25
3848 366761
3801 362268
3420 345805
9 5
19440 33
11237 8
3294 343432
3023 353197
3138 325033
3329 303719
3709 303115
3223 348242
3728 304067
10 2
238224 13
270078 32
26491 2842
23195 2200
29530 2733
24791 2656
29905 2691
275138 40
27500 2041
29811 2273
9 5
576114 33948
130548 149814
24012 814506
685377 28536
567686 34452
384076 50922
609224 32103
269352 72611
59598 328164
5 2
3317 376424
12744 62
3918 345728
15590 43
3018 326364
2 1
763592 78338
106968 353825
10 6
64449 150328
671832 14421
71982 134596
17028 568974
42408 228459
429226 22572
308826 31372
127224 76153
259578 37324
102942 94116
2 1
3578 372137
16110 26
3 1
935217 292006
522057 991724
120358 263175
5 2
674646 83704
260710 216603
182527 309382
170738 330744
112604 501497
2 1
261835 23
21165 2925
4 1
3431 325770
3807 312428
13062 16
3543 325554
10 7
694361 799288
195897 601401
426323 447928
227631 495496
706285 187735
539017 294880
297598 76639
233838 151179
357945 10368
63604 635406
8 5
582521 61992
101844 354578
324392 111321
37582 960876
430008 83979
175398 205884
394611 91512
100491 359352
4 3
62744 286713
871332 20646
329406 54612
615384 29233
3 1
3373 338560
3474 304973
17779 44
7 1
587068 422575
360667 603242
193825 937360
505212 749972
99420 845897
788817 597648
250826 389423
5 3
214452 24882
95238 56028
144072 37037
17094 312156
962481 5544
4 2
171402 100677
267979 64394
178760 96533
18248 945651
3 2
345069 132814
181220 252897
608317 75339
3 2
425060 140115
83987 709125
94831 628036
5 2
12907 10
3233 373197
3947 347494
10258 38
3001 347285
8 5
29716 339822
82824 121923
68324 147798
69768 144739
12121 833112
22134 456228
73416 137547
228114 44268
8 5
327672 119567
457653 85608
199578 196308
43993 890568
188108 208278
55944 700321
127428 307458
833112 47027
5 1
16520 43
3100 372969
12643 51
3430 350513
3295 328129
3 2
250723 2
27572 2165
20746 2906
6 3
3583 327449
3123 325545
16219 25
3283 326305
3363 315598
11162 17
7 4
818958 33948
28934 960876
106764 260406
247752 112217
949716 29274
643356 43214
141081 197064
8 4
22831 2755
24418 2794
27251 2281
214231 25
22642 2333
26582 2455
274918 78
24836 2559
5 2
495649 160444
299061 265912
363098 219015
568983 139765
598766 132813
2 1
562115 284114
162402 795617
4 3
21762 565964
278226 44268
54808 224721
70122 175644
9 5
633500 597512
850268 758490
13295 353542
615079 463355
621775 560168
560742 588424
114658 511647
650950 51448
258830 940322
6 2
12646 92
3771 398858
14933 53
3394 390594
3658 358485
3817 371541
4 3
59510 710782
586406 72132
89313 473600
53646 788477
10 10
1000000 1000000
1000000 1000000
1000000 1000000
1000000 1000000
1000000 1000000
1000000 1000000
1000000 1000000
1000000 1000000
1000000 1000000
1000000 1000000
2 1
282276 42208
36863 323205
9 5
42957 235144
55692 181374
322677 31304
38012 265734
669256 15093
343434 29412
286767 35224
44118 228956
85527 118104
7 2
3447 366570
10927 85
15273 82
3808 340089
3724 354760
3010 317470
3073 391839
8 2
564368 68491
846439 541895
880658 377619
747895 19695
908184 119635
932608 490754
674588 718314
496768 410467
7 3
115015 680945
106934 732404
81326 963024
114153 686087
321485 243616
489692 159935
113227 691698
8 5
26513 2889
24907 2425
20537 2953
27338 2836
26461 2613
231168 53
257338 93
24735 2127
8 5
885935 295733
918254 467774
251090 182578
598604 948860
150612 477727
776524 35997
557019 669990
276075 845613
5 3
995325 45751
969762 46957
605869 75160
826190 55117
471306 96619
10 7
24424 2295
25132 2920
28303 2712
25611 2520
209135 36
23473 2559
232124 44
265232 73
20426 2075
26593 2753
10 4
20162 2277
22302 2482
21996 2876
26380 2788
28369 2853
253620 88
21581 2031
242496 63
29285 2684
291144 70
3 2
15099 87
3486 380749
3607 331567
9 5
153283 416482
409265 155986
184789 345473
428874 148854
316943 201423
234783 271909
446306 143040
516694 123554
95041 671706
3 2
373842 14212
94392 56287
750006 7084
3 1
3880 385489
14615 58
3494 393551
4 3
12911 34
3715 322890
3184 335734
3187 361144
1 1
1 1
7 3
815155 555473
164963 170809
795163 360880
504627 660563
45922 621524
716072 403755
71395 215055
4 3
213528 48807
80852 128898
138006 75516
372708 27962
9 5
61047 229448
41667 336168
69426 201756
42228 331702
19608 714357
23598 593572
176472 79373
82824 169119
43848 319447
8 4
46423 628582
258664 112813
214818 135839
209800 139088
37080 786965
146335 199410
143107 203908
132780 219767
6 1
602939 127088
301298 388976
166162 244464
923944 114511
249870 80097
990812 206507
3 1
130342 596222
792276 98088
689591 112694
5 3
550191 476726
966997 845606
255770 898536
432929 445946
82078 893184
10 2
69010 758054
199131 262708
53633 975394
57671 907099
451004 115993
856500 61078
55574 941327
648976 80609
55205 947619
250066 209198
3 2
25668 174174
25172 177606
84042 53196
9 4
23417 2091
269945 69
27341 2762
29955 2800
28686 2492
261197 43
26395 2563
21275 2950
21886 2544
2 1
266108 11
27803 2053
8 5
64844 269514
26187 667368
103974 168084
18538 942732
335916 52026
83421 209496
56637 308568
194532 89838
4 3
90132 133722
549746 21924
25308 476238
18241 660744
3 1
601183 920092
441226 437922
123353 693068
2 1
208920 115874
613632 39451
3 1
240700 149277
385681 463173
955514 110099
5 1
27074 2646
26133 2951
264092 49
27025 2010
249186 63
5 2
3817 303858
14311 9
3830 374161
15948 71
3399 395301
2 1
17380 38
3808 351492
4 3
3137 318733
3188 382405
12288 93
3169 342603
2 1
28092 2778
241622 49
2 2
196308 26598
10332 505362
3 1
15829 87
3260 377944
3460 310912
10 6
137256 395937
270396 200982
163096 333207
211603 256824
260924 208278
276834 196308
632548 85914
205884 263958
314244 172938
272061 199752
5 2
266550 59
26110 2849
268364 61
27652 2747
24683 2881
10 6
133465 584709
119972 650470
133531 584420
485859 160619
340405 229251
274284 284516
488233 159838
634132 123063
998876 78126
191773 406930
3 1
29909 2691
274231 62
23799 2539
2 1
19094 9
3095 314596
