100
2 1
100 20
200 10
2 2
100 20
200 10
3 2
100 10
100 10
100 10
4 2
9 3
7 1
10 1
8 4
5 1
25725 2462
23436 2857
218295 55
265199 63
21308 2937
10 3
811332 113960
122136 757020
145288 636387
164170 563193
917265 100799
148993 620562
383856 240870
102906 898484
581268 159065
556830 166046
10 4
274461 62449
128317 133574
23629 725372
53356 321235
214379 79951
35291 485671
192814 88893
27616 620648
41753 410505
576671 29722
4 3
655836 60606
177489 223944
382284 103974
109306 363636
9 4
852589 50140
539592 5719
707215 751525
463064 909308
717735 940018
562028 602713
624966 881585
97650 763008
890703 986042
8 5
3022 324287
14835 85
3627 340444
3946 392485
10656 45
3878 346992
3794 371311
3466 348431
2 1
3510 314337
14079 18
4 1
191745 446775
259393 330259
580568 147557
303891 281900
10 2
141168 423127
251374 237622
404798 147560
726534 82215
65290 914872
177602 336325
75233 793960
290644 205516
967884 61714
231575 257938
2 1
158179 680963
21543 228092
5 3
309468 18018
42476 131274
199342 27972
6314 883116
11396 489294
10 7
334516 41680
92331 151007
792600 17591
178731 78009
69884 199511
771419 18074
33344 418145
859171 16228
149522 93248
571841 24382
10 6
796273 994606
379306 19172
879324 963935
835147 590790
177921 135853
893479 153948
530948 174078
253373 321120
786057 443944
861583 876283
2 1
12346 49
3503 340495
10 5
223431 227273
53001 958092
65013 781072
101814 498751
69178 734046
61739 822492
61375 827370
96793 524623
460563 110256
101223 501663
9 5
3062 355010
17552 42
3540 398886
3449 395877
10322 19
3138 311438
3988 353874
3161 374389
3501 320842
10 5
131280 301939
131270 301962
190154 208455
678359 58433
855810 46317
201526 196692
269099 147301
93012 426166
67216 589719
961121 41242
8 2
157891 278449
153252 559620
81636 617146
4143 800942
492058 373554
381302 742318
364845 378179
564444 514042
7 2
199299 173480
117045 295394
100943 342514
597408 57874
46818 738485
996926 34681
128569 268917
8 4
144911 404301
874523 549861
534487 749890
633525 714342
931949 624100
29090 630473
501651 392703
988754 744209
3 2
210366 133644
76167 369112
95976 292929
7 5
676497 479038
642524 926136
155506 986020
217813 221442
811165 742768
16869 295635
80161 606640
6 2
119271 616131
665719 836264
959090 681865
297897 298450
934636 53935
137950 205532
9 5
27371 2462
28360 2777
25220 2672
206984 45
24983 2965
263446 31
23107 2451
23175 2934
20844 2979
6 4
31734 767676
115292 211302
327672 74347
154413 157768
63726 382284
109224 223041
5 2
20284 2738
23121 2301
219767 1
241928 34
27700 2396
2 1
675376 958893
921474 721231
3 2
12520 33
3316 373275
3020 317298
10 6
28782 339388
66402 147108
150552 64883
16146 604996
26404 369954
84847 115128
36244 269514
11316 863226
111384 87699
41769 233864
8 5
3256 960687
7659 408408
361284 8658
31416 99567
216216 14467
63492 49266
13464 232323
5772 541926
10 7
359554 313624
821066 354008
385953 609453
21690 672796
697915 419647
466925 362055
680757 654189
276417 37957
464281 976595
287325 255656
8 6
211808 372118
300570 262227
181941 433204
263783 298797
100075 787585
181154 435086
502474 156859
238886 329938
6 4
715378 663364
42373 809393
530100 626327
436929 770766
715871 105262
304718 441682
3 2
25648 2605
22487 2033
253042 52
10 6
37944 968919
115884 317254
309256 118881
138417 265608
503874 72964
270396 135966
593572 61938
67599 543864
78948 465682
339822 108188
9 5
21589 2431
28482 2497
203530 31
267666 45
27338 2095
29493 2252
26541 2662
23687 2675
23004 2531
4 3
894650 505278
379063 480693
952202 769432
572667 886402
2 1
26366 2928
258855 73
7 4
3186 383980
3613 318128
3993 304336
3136 346414
18891 27
14642 100
3178 362758
3 1
217391 3
21006 2710
20641 2129
2 2
366212 39474
15351 941688
3 2
89544 125001
541671 20664
120744 92701
8 2
52273 901990
549089 85869
712619 66164
636840 74037
436798 107944
225324 209253
63235 745627
835988 56400
7 2
721791 487117
400481 374117
410554 973533
927328 770997
853247 385741
321717 461609
949804 48642
3 2
370968 24633
570843 16008
71253 128248
9 2
318294 295496
164709 571035
262572 358205
725898 129570
774756 121399
503313 186871
146995 639849
133393 705094
490123 191900
5 3
15009 747916
18337 612176
513587 21857
206040 54482
50691 221449
6 4
251937 43384
69223 157896
506583 21576
99603 109736
791802 13804
205282 53244
2 1
94763 995748
160532 587796
8 5
245773 58
22302 2291
22369 2296
23092 2672
20160 2474
20476 2650
24008 2190
272669 98
10 6
28152 136059
54648 70091
24738 154836
933317 4104
120428 31806
28458 134596
295596 12958
572033 6696
720936 5313
59432 64449
8 6
20117 2376
25555 2925
295595 48
26988 2253
28478 2713
26654 2356
20284 2185
270536 62
2 1
27421 2412
210499 22
7 3
23620 2365
259516 56
22948 2913
20641 2924
229327 78
24019 2362
24353 2538
3 2
246188 97
23181 2342
23279 2895
7 1
3099 341739
11631 27
3456 390726
3863 378486
3461 378729
3838 390097
19996 18
7 2
10890 16
3072 307626
3420 394554
3281 347129
13596 58
3509 332275
3579 310720
10 10
1000000 1000000
1000000 1000000
1000000 1000000
1000000 1000000
1000000 1000000
1000000 1000000
1000000 1000000
1000000 1000000
1000000 1000000
1000000 1000000
4 3
603205 589416
563315 208551
695949 768378
846451 78154
5 3
16102 100
3020 359226
3208 300804
3543 346825
10144 93
7 1
512072 207152
778855 979177
265538 185529
177659 99121
650690 233176
801311 664867
231834 473060
9 3
82414 249159
104124 197209
53838 381407
127057 161614
441567 46503
490439 41869
199048 103162
26471 775724
122279 167929
4 2
23645 2957
20784 2833
25956 2473
266623 12
10 7
80070 329673
51660 510974
34660 761596
511162 51641
760740 34699
478708 55142
345428 76418
300871 87735
30651 861209
53573 492728
2 1
17525 42
3298 393063
10 4
18945 91
3319 369701
3600 357722
3689 321597
3257 394269
3208 368437
18343 1
3098 362884
3803 324253
14020 37
10 6
95634 197284
25234 747684
102564 183954
123876 152306
735042 25668
37324 505494
216783 87032
112332 167958
188232 100233
251937 74888
8 2
21857 2743
21023 2256
23718 2588
285541 64
203885 3
29839 2668
24173 2904
26428 2803
5 3
10861 5
15412 47
3558 373043
3718 398290
3964 385262
5 3
18278 747684
298701 45752
13986 977132
725496 18837
114552 119301
3 1
228266 2
28765 2195
24979 2645
4 1
80505 689533
246829 224896
308077 180185
280833 197665
9 2
27240 2210
29263 2031
205284 84
25584 2924
294485 99
25068 2276
28668 2623
20967 2014
29532 2229
8 5
248141 509390
174843 45557
146345 155500
319682 665716
992140 543782
237343 476699
248868 445938
321583 117813
1 1
1 1
4 3
21204 576114
24273 503272
671832 18183
123453 98952
4 3
29586 2769
23419 2592
295511 50
29634 2211
7 4
373464 47027
61938 283556
329004 53382
115661 151848
168264 104377
273429 64232
90909 193192
2 1
3633 320508
12550 64
10 5
476775 94732
771723 951162
188391 619518
679278 950459
423414 257060
768975 98863
608575 526018
476427 729937
168921 417158
168214 217838
5 3
204631 68904
21252 663462
144739 97416
290444 48546
39556 356454
9 2
88984 747949
218426 304705
646446 102956
200247 332367
206993 321535
283438 234815
604056 110181
170003 391496
250046 266173
10 6
317016 100491
63468 501942
354312 89913
77367 411768
138159 230584
166668 191142
309468 102942
122808 259407
569449 55944
587079 54264
9 5
241876 91
23563 2500
27060 2574
23468 2843
208015 8
29374 2718
28497 2266
24316 2260
27728 2355
4 3
3741 376984
3095 327830
3082 300983
10971 40
6 2
19861 28
11233 29
3235 359067
3669 380893
3902 338053
3504 329729
3 2
3706 395769
18141 26
3652 341704
8 5
296130 901005
590739 856891
824187 821162
13025 564779
604518 173604
233850 323539
646629 337881
214480 354137
3 1
3897 382301
16199 15
3354 331633
9 5
35217 388056
20748 658674
18648 732849
18791 727272
99567 137256
124098 110124
124488 109779
85914 159068
183816 74347
7 1
3484 359354
3919 344342
13007 55
14255 8
3639 362286
3560 352427
3784 358263
10 6
96024 461722
92689 478335
348850 127093
519490 85346
215958 205301
52850 838910
260453 170228
66435 667365
512678 86480
293743 150936
4 3
319531 787070
17968 736074
647461 994774
562599 181845
2 1
10517 80
3619 318324
2 1
760456 597569
11469 497094
4 1
293535 256350
157340 478249
96524 779575
273626 275002
